td_0_string=00.00.0000
td_0_data=577.000000 8.000000 6 1 2 0 0.266665 1.299998 -1 255 50 0 400.000000 17.000000 0 2 1 0 1 1 -10.000000 0.000000 -20.000000 1.000000 255 255 50 
td_0_bar_data=100.000000 0 
td_1_string=~y~NAME:_~g~INFERNUS~n~~y~SPEED:_~b~100KM/h~n~~y~HEALTH:_~r~100~n~~y~FUEL:_~w~64L
td_1_data=480.000000 316.000000 2 0 1 0 0.229166 1.950000 -1 255 100 1 604.000000 17.000000 0 1 0 0 1 1 -10.000000 0.000000 -20.000000 1.000000 255 255 100 
td_1_bar_data=100.000000 0 
td_2_string=MAGIC DM V1.0
td_2_data=118.000000 402.000000 1 1 1 0 0.600000 2.000000 -1 255 50 1 400.000000 17.000000 0 1 1 0 1 1 -10.000000 0.000000 -20.000000 1.000000 255 255 50 
td_2_bar_data=100.000000 0 
